X: Endeffektor to Marker 
  -0.417594    0.398959    0.832227   0.0150237
   0.140635   -0.880059    0.535401 -0.00702999
   0.905859    0.291016    0.345179   0.0236695
          0           0           0           1

Y: Robot's base to Tracking System 
   1.03571 -0.0107637  -0.164978    1.46329
 -0.122452 -0.0110565    -1.0088    1.28414
 0.0381457    1.00243   0.013465   0.100413
         0          0          0          1

M: Robot's base to endeffector 
  0.703361  -0.263273   0.660281   0.356464
  0.618621  -0.230823  -0.751019  0.0456172
   0.35013   0.936701 0.00051421   0.765639
         0          0          0          1

  -0.48275  -0.777068   0.403878  -0.020499
  0.604454  -0.629361  -0.488405   0.198822
  0.633709 0.00834847   0.773526    1.04457
         0          0          0          1

 0.0968982  -0.992915 -0.0687797   0.128246
  0.767528    0.11854   -0.62996   0.153337
   0.63365 0.00825162   0.773576    1.04455
         0          0          0          1

 -0.34174  0.888381 -0.306581  0.236897
-0.763295 -0.452689 -0.460927 -0.673314
-0.548265 0.0764946  0.832799  0.753396
        0         0         0         1

 0.772846   0.42686  0.469574  0.666194
-0.319643  0.901087 -0.293038  0.256261
-0.548213 0.0763775  0.832844   0.75339
        0         0         0         1

N: Tracking System to Marker 
  0.407044    0.70277   0.583464  -0.822862
-0.0104789  -0.635142   0.772325   0.675765
  0.913348  -0.320485  -0.251167    1.32899
         0          0          0          1

 0.558368  0.498321 -0.663251  -1.22578
 0.446668  0.493127  0.746535  0.954606
 0.699081 -0.713094 0.0527624   1.21762
        0         0         0         1

 -0.12303  0.846064 -0.518689  -1.07417
   0.4298  0.516526   0.74059  0.956697
 0.894503 -0.131818 -0.427186   1.24502
        0         0         0         1

  0.0240107   -0.974864    0.221504   -0.867437
   0.988803 -0.00948413   -0.148925    0.667684
   0.147283      0.2226     0.96372     2.05739
          0           0           0           1

  0.171545   0.221257   0.960009  -0.539409
  0.984814 -0.0649441   -0.16101   0.676425
 0.0267223   0.973051  -0.229037    1.07842
         0          0          0          1

